1.190935960695147511e+00
8.777535339981317186e-01
7.732545417606830895e-01
7.098745490416884518e-01
6.644169864468276732e-01
6.332801799573004597e-01
6.067272808775305837e-01
5.851018582962453918e-01
5.641807669412344239e-01
5.483340113259851378e-01
5.320598988540470309e-01
4.812911000322550592e-01
4.744053381402045244e-01
4.661583421707153341e-01
4.669908476922661200e-01
4.646117472320794861e-01
4.621380451142788059e-01
4.590734747265465820e-01
4.569091093551367333e-01
4.574590320631861662e-01
