1.401354040330648365e+00
1.083598446738719856e+00
9.812810132831335519e-01
9.090966057866811667e-01
8.692542847990989419e-01
8.385086613208055928e-01
8.162256947487592784e-01
7.998725815847516074e-01
7.793963152393699190e-01
7.590491618469357160e-01
7.448328378848732001e-01
6.966639590881764654e-01
6.942732236966491222e-01
6.843161941118538483e-01
6.862706517316401467e-01
6.834836761154234885e-01
6.824636229276657140e-01
6.813134139552712298e-01
6.776998606204986952e-01
6.794718880772591119e-01
