1.350909732878208258e+00
9.949114732414483520e-01
8.645743104010820135e-01
8.009287775769829976e-01
7.613845063254237600e-01
7.323422147557139272e-01
7.088730158522724700e-01
6.867693746447562919e-01
6.675049110978841238e-01
6.518952030599117764e-01
6.376868484497070222e-01
5.936828988432883980e-01
5.871632203780114967e-01
5.778301753394305962e-01
5.812949105545878181e-01
5.773202701635659073e-01
5.765981764771044293e-01
5.737457087375223974e-01
5.709236504159868053e-01
5.741970729909837701e-01
