1.659534167879819888e+00
1.343973944878578131e+00
1.237241140615940038e+00
1.194799720746278826e+00
1.169869675230979844e+00
1.158142991706728964e+00
1.148235720896720879e+00
1.137840536987781537e+00
1.122706969395279808e+00
1.109524295058846421e+00
1.106133018392324363e+00
1.078024385342001956e+00
1.077769891402125424e+00
1.069053370863199293e+00
1.073019955691695282e+00
1.070348977208137597e+00
1.072861139291524823e+00
1.069643252676725442e+00
1.069893144631385740e+00
1.075139825069904242e+00
