1.668361457222700128e+00
1.430109808766841795e+00
1.295811071640253109e+00
1.234203471171855915e+00
1.151559565004706354e+00
1.101358148849010510e+00
1.068665507364273015e+00
1.041969557735323848e+00
1.027341669243574174e+00
1.006305524775385818e+00
9.990223198384046155e-01
9.498565226167440256e-01
9.349336044222116282e-01
9.191908650487661259e-01
9.207735488981008132e-01
9.152650231659412716e-01
9.145390727132558517e-01
9.064000411093234844e-01
9.029568080037831956e-01
8.990958223938941840e-01
