1.362434315633773707e+00
1.066291007536649627e+00
9.063835005253553234e-01
8.314991228044033011e-01
7.762848857894539822e-01
7.324429309353231998e-01
6.976452966079116358e-01
6.732564395688473979e-01
6.549990826487541717e-01
6.390186991170048181e-01
6.265199858732521943e-01
5.788727001458406907e-01
5.706212097838521125e-01
5.610731964290142093e-01
5.633083745889365668e-01
5.601500401698052967e-01
5.580566053912043856e-01
5.547738611184060975e-01
5.511596096992492644e-01
5.533154103022068782e-01
