1.651428851586580260e+00
1.377733988726139058e+00
1.272158637499809286e+00
1.233439600861072627e+00
1.203892906254530049e+00
1.167260081177949882e+00
1.126993464729189931e+00
1.094963072484731681e+00
1.068117102488875370e+00
1.034096443027257894e+00
1.005166143414378155e+00
9.424479831188916634e-01
9.347395969659090254e-01
9.244777594119309994e-01
9.278323994815349529e-01
9.227665913492441030e-01
9.205913619548082849e-01
9.171032219707966338e-01
9.157117848664522164e-01
9.171413660615682639e-01
