1.331231045973300997e+00
1.012385233452916200e+00
8.851655750110745124e-01
8.196746556907892334e-01
7.749683730095624501e-01
7.369792339220643251e-01
7.049576589837670548e-01
6.786368767544627145e-01
6.578875459611416288e-01
6.393830269336699956e-01
6.207351462654769891e-01
5.699686820931733067e-01
5.627173215687274466e-01
5.531527401611209260e-01
5.547773509755730137e-01
5.513995371960103142e-01
5.498576694190502323e-01
5.457359075129032400e-01
5.430410628721118460e-01
5.450839694194495877e-01
