1.650361423379182790e+00
1.329658440500497862e+00
1.233001761347055414e+00
1.193779975175857544e+00
1.155799976316094435e+00
1.092900426113605494e+00
1.043001015439629642e+00
1.013526567864418082e+00
9.914049186259508151e-01
9.699530195981264091e-01
9.521525003224611261e-01
9.033256292194128401e-01
8.971361394107342235e-01
8.878716237157583402e-01
8.890586074709891928e-01
8.838684259355068518e-01
8.854565273016691274e-01
8.809664993137120703e-01
8.782277148216962592e-01
8.808757315337657490e-01
