1.332831604599952646e+00
9.853028218030929208e-01
8.606670349821448074e-01
8.004109632506966054e-01
7.605891732394695071e-01
7.252223032966256255e-01
6.956600729778409375e-01
6.721502728179097330e-01
6.528523477084934301e-01
6.355718266338109546e-01
6.204163304321468342e-01
5.728368113480508672e-01
5.651426455065607923e-01
5.570453314095735742e-01
5.583482689253985720e-01
5.545220856010913968e-01
5.532800856277346746e-01
5.493497777484357414e-01
5.472421208344400156e-01
5.498812147509306580e-01
