1.443998492828011404e+00
1.167270167535543468e+00
1.037406845802068656e+00
9.514229685604572717e-01
8.977093560367822578e-01
8.685703209087252130e-01
8.379914719209075047e-01
8.181463856667280377e-01
7.920035421088338357e-01
7.741411079004406615e-01
7.547030350610614002e-01
6.993263306535780766e-01
6.917181909412145613e-01
6.815382285878062163e-01
6.828469807930290791e-01
6.789509650483727121e-01
6.756596177846193596e-01
6.729961690738797131e-01
6.701175474599003756e-01
6.723589862674475004e-01
