1.235854335632920353e+00
9.470536566942929779e-01
8.320694880783557901e-01
7.605259595289826091e-01
7.121593063905835574e-01
6.803860735125839554e-01
6.526794617190957437e-01
6.333766635365783992e-01
6.124607437424361978e-01
5.994973634138703877e-01
5.862680831402540260e-01
5.369566981725394372e-01
5.289548946484923242e-01
5.203825786657630958e-01
5.219044721767306383e-01
5.191791012577712250e-01
5.169124973185360572e-01
5.130498747020959538e-01
5.108572291418910227e-01
5.127778569385409435e-01
