1.461354368674754989e+00
1.180538474336266574e+00
1.062189950627088653e+00
9.699439117461442494e-01
8.861735079541802618e-01
8.363730469465255890e-01
8.066977801203727427e-01
7.811912507168948805e-01
7.659146554678678553e-01
7.484636391744017292e-01
7.413344648115336444e-01
6.790074421621858924e-01
6.755601306103169446e-01
6.677810773022473390e-01
6.717765863224863798e-01
6.675746600449085077e-01
6.678012935265899008e-01
6.635941246382892622e-01
6.641863493598997303e-01
6.679321727715432644e-01
