1.240554750889539815e+00
9.176835599750280403e-01
7.916564456701278285e-01
7.197321564480662071e-01
6.677699383437633029e-01
6.325530297011137115e-01
6.069193024195730368e-01
5.845486905120312882e-01
5.679527697116136808e-01
5.530368753194808695e-01
5.405963745407760257e-01
4.843331656277179986e-01
4.764317515894770372e-01
4.683481772389262998e-01
4.688003890909254734e-01
4.661011997900903481e-01
4.635207219980657101e-01
4.592505703527480221e-01
4.577630897812545174e-01
4.586452831048518641e-01
