1.276005898475647049e+00
9.471554277807474609e-01
8.104212471619248737e-01
7.227701283060014026e-01
6.666871447727084066e-01
6.318139061987400051e-01
6.049208450660109593e-01
5.843213640347123539e-01
5.668184850871562652e-01
5.525674539051950163e-01
5.375945344679057269e-01
4.806064850512892228e-01
4.715503224257379666e-01
4.628771108262240697e-01
4.627383363757282542e-01
4.597304230682551784e-01
4.575919915895909074e-01
4.534250348724424562e-01
4.507929993271827529e-01
4.519223012108355975e-01
