1.477051845154166321e+00
1.217320746192336101e+00
1.083615022709965681e+00
9.480156816139817533e-01
8.650676547721027898e-01
8.250459256201982949e-01
7.995628121837973223e-01
7.758708012625574746e-01
7.575056489251553726e-01
7.479804423756897247e-01
7.356975757956504269e-01
6.736443834289908006e-01
6.680692013703286580e-01
6.610078368782996705e-01
6.613756969258188789e-01
6.554984780266881472e-01
6.556143854819238559e-01
6.508050617024302431e-01
6.473133203975856009e-01
6.498841633230447723e-01
